111111111111111111110
1111111111111111111111111111111111111111111111111111111111111111111111111111111111111111111111111111111111111111111111110
11111111111111111111111111111111111111111111111111111111111111111111111111111111111111111111111111111111111111111111111111111110
11111111111111111111111111111111111111111111111111111111111111111111111111111111111111111111111111111111111111111111111111111010
10111111111111111111111111111111111111111111111111111111111111111111111111111111111111111111111111111111111111111111111111111011
0
1
11111111111111111111111111111111111111111111111111111111111111111111111111111111111111111111111111111111111111111111111111111111
1
1
10111
11111111111111111111111111111111111111111111111111111111111111111111111111111111111111111111111111111111111111111111111110101111
1010100110011001100110011001100110011001100110011001100110011000
10011010111
101000
10
1101110111010100010000010001000
0
1
11
11010011111
10001111011101110110000111000110101010101010101010101010101010101010101111000111010101111000010101110000101010101100011000000000
11111111100011110111011101100001110001101010101010101010101010101010101010101011110001110101011110000101011100001010101011000110
1000111101110111011000011100011010101010101010101010101010101010101010111100011101010111100001010111000010101010
1001100110011
110011001100110011
1011000110101000
10101011111111111111
10100000111001010111
11111111111111111111111111111111111111111111111111111111111111111111111111111111111111011100011001010101010101010101000101010100
9
-7
2
1
100000000000000000000000000000000000000
53020
53020
6800
-1728
-1728
10
1
2
9743822
2801749
-2801749
2000
-2000
-2000
2000
120
1
-1
2224
30864197
-4
0
4
13
10
-10
1
-11
10
65
7DD
FFFFFFFFFFFFFFFFFFFFFFFFFFFFFFFD
FFFFFFFFFFFFFFFFFFFFFFFFFFFFFFFF
0
8D2313
FFFFFFFFFFFFFFFFFFFFFFFFFFFFCB41
1A
4
202F
8239
-37
10000000101111
11111111111111111111111111111111111111111111111111111111111111111111111111111111111111111111111111111111111111111111111111011011
202F
FFFFFFFFFFFFFFFFFFFFFFFFFFFFFFDB
10000000101111
11111111111111111111111111111111111111111111111111111111111111111111111111111111111111111111111111111111111111111111111111011011
FFFFFFFFFFFFFFFFFFFFFFFFFFFFFFDB
202F
-2
26
0
1011110111010101010001101100100111000010110
111101111001111101111011011
11111111111111111111111111111111111111111111111111111111111111111111111111111111111111111111111111111111111001000100101100011001
111000110
110101010111
1011101000111011000
11000000000000000000000000000000000000000000000000000000000000000000000000000000000000000000000000000000000000001101110100001110
110101010111000000
AF
91F133
1E
BE017F
2F34
15BE2
E00000000000000000000000001579B9
3848EBC0
18446735217053924992
343
1001101111000000110110110001010011010010011011101000010
11111111111111111111111111111111111111111111111111111111111111111111111111111111111111111110001101001110110010000010001111111101
5DB
1010011110110100111111000010110100100001
261586682